0.999991 
0.997726 
0.995457 
0.993194 
0.990939 
0.988687 
0.986441 
0.984198 
0.981961 
0.979729 
0.977501 
0.975282 
0.973066 
0.970857 
0.968652 
0.966453 
0.964259 
0.962074 
0.959899 
0.957732 
0.955570 
0.953411 
0.951260 
0.949112 
0.946964 
0.944823 
0.942685 
0.940554 
0.938428 
0.936309 
0.934193 
0.932083 
0.929978 
0.927878 
0.925782 
0.923691 
0.921605 
0.919523 
0.917443 
0.915370 
0.913301 
0.911236 
0.909177 
0.907120 
0.905066 
0.903016 
0.900970 
0.898929 
0.896891 
0.894860 
0.892831 
0.890811 
0.888794 
0.886783 
0.884776 
0.882775 
0.880778 
0.878784 
0.876792 
0.874806 
0.872824 
0.870847 
0.868874 
0.866903 
0.864935 
0.862971 
0.861009 
0.859053 
0.857102 
0.855157 
0.853217 
0.851281 
0.849350 
0.847421 
0.845499 
0.843580 
0.841667 
0.839758 
0.837855 
0.835957 
0.834064 
0.832175 
0.830290 
0.828410 
0.826534 
0.824662 
0.822793 
0.820932 
0.819071 
0.817215 
0.815365 
0.813519 
0.811676 
0.809835 
0.807999 
0.806165 
0.804334 
0.802503 
0.800676 
0.798853 
0.797036 
0.795225 
0.793420 
0.791619 
0.789823 
0.788034 
0.786249 
0.784466 
0.782685 
0.780909 
0.779136 
0.777366 
0.775602 
0.773845 
0.772092 
0.770341 
0.768592 
0.766849 
0.765113 
0.763382 
0.761657 
0.759938 
0.758222 
0.756513 
0.754808 
0.753107 
0.751404 
0.749708 
0.748016 
0.746330 
0.744648 
0.742966 
0.741288 
0.739614 
0.737944 
0.736280 
0.734621 
0.732963 
0.731311 
0.729661 
0.728013 
0.726372 
0.724732 
0.723099 
0.721466 
0.719835 
0.718206 
0.716582 
0.714960 
0.713341 
0.711725 
0.710111 
0.708502 
0.706896 
0.705293 
0.703694 
0.702097 
0.700503 
0.698912 
0.697324 
0.695739 
0.694160 
0.692583 
0.691012 
0.689445 
0.687882 
0.686321 
0.684763 
0.683209 
0.681659 
0.680108 
0.678562 
0.677020 
0.675483 
0.673950 
0.672418 
0.670890 
0.669366 
0.667846 
0.666326 
0.664809 
0.663293 
0.661785 
0.660277 
0.658773 
0.657274 
0.655777 
0.654286 
0.652798 
0.651313 
0.649830 
0.648350 
0.646872 
0.645398 
0.643925 
0.642456 
0.640988 
0.639526 
0.638071 
0.636616 
0.635166 
0.633718 
0.632275 
0.630833 
0.629396 
0.627960 
0.626525 
0.625095 
0.623666 
0.622241 
0.620819 
0.619401 
0.617986 
0.616576 
0.615171 
0.613769 
0.612372 
0.610977 
0.609584 
0.608194 
0.606806 
0.605421 
0.604039 
0.602660 
0.601284 
0.599912 
0.598543 
0.597175 
0.595808 
0.594445 
0.593086 
0.591729 
0.590375 
0.589025 
0.587680 
0.586338 
0.585000 
0.583665 
0.582335 
0.581008 
0.579685 
0.578364 
0.577047 
0.575732 
0.574420 
0.573111 
0.571804 
0.570502 
0.569202 
0.567905 
0.566609 
0.565317 
0.564028 
0.562743 
0.561463 
0.560185 
0.558910 
0.557638 
0.556369 
0.555103 
0.553837 
0.552572 
0.551308 
0.550048 
0.548789 
0.547531 
0.546278 
0.545027 
0.543781 
0.542539 
0.541301 
0.540063 
0.538830 
0.537599 
0.536375 
0.535153 
0.533931 
0.532712 
0.531497 
0.530283 
0.529071 
0.527862 
0.526660 
0.525462 
0.524264 
0.523070 
0.521882 
0.520696 
0.519511 
0.518331 
0.517153 
0.515976 
0.514799 
0.513625 
0.512454 
0.511288 
0.510124 
0.508963 
0.507804 
0.506645 
0.505489 
0.504337 
0.503186 
0.502036 
0.500891 
0.499747 
0.498606 
0.497468 
0.496335 
0.495204 
0.494076 
0.492951 
0.491826 
0.490706 
0.489588 
0.488473 
0.487363 
0.486254 
0.485145 
0.484037 
0.482930 
0.481826 
0.480723 
0.479620 
0.478518 
0.477417 
0.476318 
0.475223 
0.474126 
0.473033 
0.471942 
0.470854 
0.469770 
0.468687 
0.467605 
0.466526 
0.465447 
0.464367 
0.463289 
0.462213 
0.461139 
0.460068 
0.458999 
0.457931 
0.456866 
0.455805 
0.454745 
0.453688 
0.452631 
0.451578 
0.450527 
0.449479 
0.448432 
0.447388 
0.446347 
0.445305 
0.444267 
0.443232 
0.442201 
0.441171 
0.440143 
0.439119 
0.438098 
0.437079 
0.436063 
0.435046 
0.434030 
0.433017 
0.432008 
0.431000 
0.429994 
0.428991 
0.427986 
0.426984 
0.425983 
0.424984 
0.423987 
0.422991 
0.421996 
0.421006 
0.420017 
0.419031 
0.418046 
0.417063 
0.416084 
0.415109 
0.414136 
0.413167 
0.412197 
0.411230 
0.410265 
0.409303 
0.408341 
0.407379 
0.406419 
0.405465 
0.404513 
0.403563 
0.402618 
0.401675 
0.400735 
0.399798 
0.398864 
0.397931 
0.396999 
0.396069 
0.395137 
0.394207 
0.393278 
0.392350 
0.391425 
0.390502 
0.389582 
0.388666 
0.387751 
0.386839 
0.385927 
0.385015 
0.384106 
0.383200 
0.382297 
0.381397 
0.380499 
0.379602 
0.378707 
0.377814 
0.376923 
0.376036 
0.375151 
0.374266 
0.373383 
0.372503 
0.371621 
0.370742 
0.369866 
0.368991 
0.368118 
0.367247 
0.366380 
0.365517 
0.364655 
0.363794 
0.362935 
0.362080 
0.361223 
0.360367 
0.359513 
0.358664 
0.357817 
0.356973 
0.356132 
0.355294 
0.354457 
0.353621 
0.352788 
0.351958 
0.351132 
0.350310 
0.349487 
0.348665 
0.347845 
0.347026 
0.346211 
0.345396 
0.344579 
0.343764 
0.342949 
0.342139 
0.341326 
0.340515 
0.339706 
0.338900 
0.338095 
0.337295 
0.336496 
0.335701 
0.334907 
0.334114 
0.333324 
0.332535 
0.331748 
0.330963 
0.330179 
0.329397 
0.328620 
0.327845 
0.327072 
0.326300 
0.325530 
0.324759 
0.323991 
0.323222 
0.322457 
0.321692 
0.320926 
0.320162 
0.319397 
0.318634 
0.317869 
0.317104 
0.316341 
0.315580 
0.314822 
0.314066 
0.313313 
0.312560 
0.311810 
0.311060 
0.310312 
0.309565 
0.308820 
0.308077 
0.307333 
0.306592 
0.305852 
0.305113 
0.304376 
0.303640 
0.302906 
0.302175 
0.301445 
0.300718 
0.299995 
0.299274 
0.298556 
0.297839 
0.297125 
0.296412 
0.295699 
0.294990 
0.294282 
0.293575 
0.292869 
0.292165 
0.291463 
0.290760 
0.290059 
0.289360 
0.288661 
0.287964 
0.287267 
0.286568 
0.285874 
0.285181 
0.284490 
0.283799 
0.283110 
0.282422 
0.281737 
0.281052 
0.280367 
0.279683 
0.279000 
0.278318 
0.277635 
0.276956 
0.276280 
0.275604 
0.274932 
0.274259 
0.273588 
0.272918 
0.272249 
0.271583 
0.270917 
0.270253 
0.269589 
0.268926 
0.268266 
0.267609 
0.266954 
0.266302 
0.265653 
0.265003 
0.264355 
0.263706 
0.263060 
0.262416 
0.261773 
0.261131 
0.260489 
0.259850 
0.259211 
0.258573 
0.257936 
0.257302 
0.256668 
0.256035 
0.255403 
0.254774 
0.254147 
0.253521 
0.252894 
0.252271 
0.251649 
0.251028 
0.250411 
0.249797 
0.249185 
0.248573 
0.247963 
0.247355 
0.246747 
0.246142 
0.245537 
0.244934 
0.244332 
0.243732 
0.243133 
0.242532 
0.241932 
0.241334 
0.240738 
0.240146 
0.239555 
0.238966 
0.238381 
0.237797 
0.237216 
0.236635 
0.236060 
0.235484 
0.234908 
0.234333 
0.233760 
0.233188 
0.232618 
0.232050 
0.231486 
0.230921 
0.230359 
0.229798 
0.229239 
0.228681 
0.228123 
0.227567 
0.227009 
0.226453 
0.225897 
0.225343 
0.224791 
0.224241 
0.223694 
0.223147 
0.222601 
0.222056 
0.221513 
0.220971 
0.220431 
0.219890 
0.219349 
0.218809 
0.218270 
0.217734 
0.217202 
0.216668 
0.216137 
0.215604 
0.215070 
0.214536 
0.214006 
0.213476 
0.212949 
0.212422 
0.211897 
0.211372 
0.210850 
0.210327 
0.209804 
0.209282 
0.208762 
0.208244 
0.207727 
0.207212 
0.206694 
0.206175 
0.205657 
0.205139 
0.204622 
0.204105 
0.203590 
0.203073 
0.202557 
0.202042 
0.201526 
0.201013 
0.200502 
0.199990 
0.199480 
0.198970 
0.198464 
0.197960 
0.197456 
0.196954 
0.196451 
0.195948 
0.195444 
0.194940 
0.194435 
0.193932 
0.193429 
0.192926 
0.192424 
0.191924 
0.191426 
0.190927 
0.190428 
0.189931 
0.189435 
0.188939 
0.188446 
0.187954 
0.187463 
0.186973 
0.186485 
0.185999 
0.185514 
0.185029 
0.184546 
0.184064 
0.183582 
0.183100 
0.182620 
0.182141 
0.181660 
0.181181 
0.180701 
0.180222 
0.179745 
0.179270 
0.178796 
0.178323 
0.177850 
0.177379 
0.176910 
0.176443 
0.175977 
0.175509 
0.175040 
0.174573 
0.174106 
0.173638 
0.173168 
0.172698 
0.172228 
0.171760 
0.171293 
0.170826 
0.170360 
0.169895 
0.169430 
0.168970 
0.168511 
0.168051 
0.167595 
0.167139 
0.166681 
0.166225 
0.165770 
0.165316 
0.164862 
0.164408 
0.163955 
0.163503 
0.163052 
0.162603 
0.162153 
0.161706 
0.161260 
0.160815 
0.160371 
0.159929 
0.159489 
0.159050 
0.158613 
0.158175 
0.157739 
0.157305 
0.156869 
0.156433 
0.155996 
0.155560 
0.155127 
0.154695 
0.154266 
0.153838 
0.153409 
0.152981 
0.152556 
0.152132 
0.151707 
0.151284 
0.150862 
0.150441 
0.150020 
0.149600 
0.149181 
0.148762 
0.148344 
0.147926 
0.147507 
0.147089 
0.146671 
0.146257 
0.145845 
0.145433 
0.145021 
0.144607 
0.144195 
0.143785 
0.143374 
0.142965 
0.142561 
0.142159 
0.141759 
0.141359 
0.140960 
0.140562 
0.140168 
0.139772 
0.139376 
0.138981 
0.138588 
0.138196 
0.137804 
0.137415 
0.137026 
0.136639 
0.136252 
0.135868 
0.135482 
0.135098 
0.134716 
0.134337 
0.133957 
0.133578 
0.133199 
0.132821 
0.132446 
0.132070 
0.131694 
0.131318 
0.130942 
0.130564 
0.130188 
0.129815 
0.129443 
0.129074 
0.128706 
0.128339 
0.127973 
0.127610 
0.127247 
0.126886 
0.126525 
0.126164 
0.125804 
0.125445 
0.125088 
0.124731 
0.124375 
0.124019 
0.123665 
0.123312 
0.122961 
0.122609 
0.122259 
0.121910 
0.121559 
0.121208 
0.120860 
0.120515 
0.120170 
0.119824 
0.119479 
0.119135 
0.118792 
0.118449 
0.118104 
0.117757 
0.117413 
0.117070 
0.116728 
0.116385 
0.116043 
0.115703 
0.115366 
0.115032 
0.114699 
0.114367 
0.114034 
0.113703 
0.113374 
0.113046 
0.112718 
0.112389 
0.112060 
0.111734 
0.111409 
0.111083 
0.110757 
0.110433 
0.110108 
0.109784 
0.109458 
0.109134 
0.108810 
0.108488 
0.108167 
0.107845 
0.107523 
0.107201 
0.106879 
0.106561 
0.106244 
0.105928 
0.105615 
0.105301 
0.104989 
0.104679 
0.104371 
0.104062 
0.103755 
0.103451 
0.103144 
0.102838 
0.102532 
0.102226 
0.101921 
0.101617 
0.101312 
0.101006 
0.100702 
0.100398 
0.100094 
0.099791 
0.099491 
0.099192 
0.098892 
0.098592 
0.098291 
0.097990 
0.097688 
0.097386 
0.097086 
0.096785 
0.096488 
0.096194 
0.095901 
0.095609 
0.095317 
0.095025 
0.094734 
0.094443 
0.094152 
0.093863 
0.093574 
0.093286 
0.092995 
0.092704 
0.092411 
0.092120 
0.091829 
0.091537 
0.091247 
0.090956 
0.090666 
0.090377 
0.090090 
0.089803 
0.089517 
0.089232 
0.088945 
0.088660 
0.088379 
0.088098 
0.087817 
0.087538 
0.087260 
0.086981 
0.086702 
0.086423 
0.086142 
0.085865 
0.085589 
0.085315 
0.085041 
0.084767 
0.084494 
0.084222 
0.083951 
0.083683 
0.083418 
0.083155 
0.082894 
0.082632 
0.082372 
0.082114 
0.081857 
0.081600 
