0.000000 	 0.027344 	 -1.261683 
0.025126 	 -0.999644 	 -1.999964 
0.050251 	 -0.999994 	 -2.000071 
0.075377 	 -0.437499 	 -1.875060 
0.100503 	 0.187358 	 -1.875019 
0.125628 	 -0.999790 	 -1.999988 
0.150754 	 0.999985 	 -2.000063 
0.175879 	 -0.187486 	 -1.875057 
0.201005 	 -0.062536 	 -1.875071 
0.226131 	 -0.999932 	 -2.000042 
0.251256 	 -0.999383 	 -1.999910 
0.276382 	 0.999628 	 -1.999969 
0.301508 	 0.999941 	 -2.000041 
0.326633 	 -0.999524 	 -1.999918 
0.351759 	 0.999776 	 -1.999991 
0.376884 	 0.999389 	 -1.999906 
0.402010 	 -0.999910 	 -2.000038 
0.427136 	 -0.999467 	 -1.999903 
0.452261 	 -0.999631 	 -1.999936 
0.477387 	 0.999440 	 -1.999929 
0.502513 	 -0.574572 	 -1.922167 
0.527638 	 -0.999863 	 -2.000029 
0.552764 	 -0.833546 	 -1.974313 
0.577889 	 -0.999927 	 -2.000027 
0.603015 	 0.932585 	 -1.985811 
0.628141 	 0.749977 	 -1.963103 
0.653266 	 0.999992 	 -2.000039 
0.678392 	 -0.999701 	 -1.999918 
0.703518 	 0.643048 	 -1.949757 
0.728643 	 0.951622 	 -1.988758 
0.753769 	 -0.999848 	 -1.999827 
0.778894 	 -0.981067 	 -1.995520 
0.804020 	 -0.999865 	 -1.999654 
0.829146 	 0.999729 	 -1.999458 
0.854271 	 -0.999142 	 -1.999120 
0.879397 	 -0.994610 	 -1.997553 
0.904523 	 0.999256 	 -1.998686 
0.929648 	 0.999507 	 -1.998529 
0.954774 	 0.998826 	 -1.997943 
0.979900 	 0.998612 	 -1.997327 
1.005025 	 -0.998905 	 -1.996913 
1.030151 	 -0.873982 	 -1.975011 
1.055276 	 -0.998670 	 -1.995480 
1.080402 	 0.948730 	 -1.984856 
1.105528 	 0.998223 	 -1.993765 
1.130653 	 -0.997875 	 -1.992503 
1.155779 	 -0.993654 	 -1.990291 
1.180905 	 0.997170 	 -1.989785 
1.206030 	 0.996408 	 -1.987961 
1.231156 	 0.995109 	 -1.985837 
1.256281 	 -0.995649 	 -1.984364 
1.281407 	 0.994401 	 -1.981740 
1.306533 	 0.994515 	 -1.979562 
1.331658 	 -0.993338 	 -1.976569 
1.356784 	 -0.945184 	 -1.964337 
1.381910 	 0.965005 	 -1.965446 
1.407035 	 0.990953 	 -1.966728 
1.432161 	 0.989857 	 -1.962938 
1.457286 	 -0.984870 	 -1.957839 
1.482412 	 -0.987044 	 -1.953939 
1.507538 	 0.980431 	 -1.948189 
1.532663 	 -0.984193 	 -1.944081 
1.557789 	 0.982574 	 -1.938690 
1.582915 	 -0.971179 	 -1.930115 
1.608040 	 -0.978698 	 -1.925966 
1.633166 	 -0.975877 	 -1.918540 
1.658291 	 -0.962408 	 -1.909155 
1.683417 	 0.970942 	 -1.903590 
1.708543 	 0.968342 	 -1.894651 
1.733668 	 0.961626 	 -1.884220 
1.758794 	 -0.960364 	 -1.875327 
1.783920 	 -0.958857 	 -1.865886 
1.809045 	 -0.954849 	 -1.854904 
1.834171 	 -0.950232 	 -1.843231 
1.859296 	 -0.945140 	 -1.831185 
1.884422 	 -0.940564 	 -1.817256 
1.909548 	 -0.935802 	 -1.804127 
1.934673 	 -0.929510 	 -1.788442 
1.959799 	 -0.918677 	 -1.771457 
1.984925 	 -0.914342 	 -1.755329 
2.010050 	 0.907920 	 -1.738101 
2.035176 	 0.898117 	 -1.719078 
2.060302 	 0.888261 	 -1.697729 
2.085427 	 -0.874911 	 -1.675055 
2.110553 	 0.857901 	 -1.650770 
2.135678 	 0.840679 	 -1.623967 
2.160804 	 0.824079 	 -1.597000 
2.185930 	 0.733015 	 -1.562235 
2.211055 	 0.134642 	 -1.528793 
2.236181 	 0.725235 	 -1.491261 
2.261307 	 -0.221496 	 -1.450789 
2.286432 	 -0.102116 	 -1.406062 
2.311558 	 0.061214 	 -1.351554 
2.336684 	 0.069712 	 -1.302724 
2.361809 	 0.103968 	 -1.269826 
2.386935 	 0.077795 	 -1.234802 
2.412060 	 -0.013067 	 -1.196299 
2.437186 	 -0.007223 	 -1.166280 
2.462312 	 -0.009727 	 -1.142263 
2.487437 	 -0.012592 	 -1.121428 
2.512563 	 0.013605 	 -1.095027 
2.537688 	 0.020955 	 -1.076404 
2.562814 	 -0.006061 	 -1.055839 
2.587940 	 0.001830 	 -1.037786 
2.613065 	 0.007448 	 -1.020046 
2.638191 	 0.000191 	 -1.003204 
2.663316 	 -0.000493 	 -0.985673 
2.688442 	 0.002864 	 -0.968915 
2.713568 	 -0.002188 	 -0.954711 
2.738693 	 -0.001947 	 -0.942984 
2.763819 	 0.004417 	 -0.927067 
2.788945 	 0.001951 	 -0.913577 
2.814070 	 0.001714 	 -0.900845 
2.839196 	 0.002539 	 -0.888455 
2.864322 	 -0.000017 	 -0.875859 
2.889447 	 0.001261 	 -0.865928 
2.914573 	 0.004226 	 -0.853290 
2.939698 	 -0.000322 	 -0.841475 
2.964824 	 0.000003 	 -0.830284 
2.989950 	 -0.000043 	 -0.821860 
3.015075 	 0.001417 	 -0.811012 
3.040201 	 0.000893 	 -0.800444 
3.065327 	 -0.003107 	 -0.792586 
3.090452 	 0.000030 	 -0.782530 
3.115578 	 -0.001478 	 -0.773044 
3.140703 	 0.002186 	 -0.764293 
3.165829 	 0.000086 	 -0.755985 
3.190955 	 -0.000796 	 -0.747800 
3.216080 	 0.000853 	 -0.739836 
3.241206 	 -0.000498 	 -0.731919 
3.266332 	 -0.000107 	 -0.724132 
3.291457 	 -0.000814 	 -0.716932 
3.316583 	 0.000564 	 -0.708939 
3.341709 	 0.000824 	 -0.701850 
3.366834 	 -0.000187 	 -0.695062 
3.391960 	 -0.000019 	 -0.687236 
3.417085 	 -0.001010 	 -0.681654 
3.442211 	 0.000408 	 -0.675121 
3.467337 	 0.001039 	 -0.668245 
3.492462 	 -0.000251 	 -0.661827 
3.517588 	 0.000336 	 -0.654996 
3.542714 	 0.000219 	 -0.649789 
3.567839 	 0.000450 	 -0.644242 
3.592965 	 0.001087 	 -0.637787 
3.618090 	 0.001051 	 -0.632291 
3.643216 	 -0.000170 	 -0.626626 
3.668342 	 0.000265 	 -0.621529 
3.693467 	 0.000222 	 -0.615126 
3.718593 	 0.000542 	 -0.609734 
3.743719 	 0.000918 	 -0.605953 
3.768844 	 0.000064 	 -0.599676 
3.793970 	 -0.000486 	 -0.595191 
3.819096 	 0.000303 	 -0.590558 
3.844221 	 -0.000058 	 -0.584754 
3.869347 	 0.000276 	 -0.580298 
3.894472 	 0.000878 	 -0.574665 
3.919598 	 -0.000106 	 -0.571413 
3.944724 	 0.001593 	 -0.566262 
3.969849 	 -0.000466 	 -0.561892 
3.994975 	 -0.000113 	 -0.558531 
4.020101 	 0.000589 	 -0.553182 
4.045226 	 0.001174 	 -0.548935 
4.070352 	 -0.000048 	 -0.545577 
4.095478 	 -0.000414 	 -0.541522 
4.120603 	 0.001171 	 -0.537004 
4.145729 	 0.001251 	 -0.533889 
4.170854 	 0.000965 	 -0.530405 
4.195980 	 0.000268 	 -0.525520 
4.221106 	 0.000175 	 -0.522463 
4.246231 	 0.000692 	 -0.517856 
4.271357 	 0.000654 	 -0.513979 
4.296483 	 0.000031 	 -0.510972 
4.321608 	 -0.000151 	 -0.507661 
4.346734 	 -0.000538 	 -0.503864 
4.371860 	 -0.000134 	 -0.500132 
4.396985 	 0.001117 	 -0.497170 
4.422111 	 -0.000610 	 -0.493266 
4.447236 	 0.000571 	 -0.491615 
4.472362 	 0.000591 	 -0.487641 
4.497488 	 0.000280 	 -0.483605 
4.522613 	 -0.000451 	 -0.480431 
4.547739 	 0.000058 	 -0.477536 
4.572865 	 -0.000238 	 -0.474020 
4.597990 	 -0.000282 	 -0.471674 
4.623116 	 -0.001067 	 -0.468946 
4.648241 	 -0.000512 	 -0.465356 
4.673367 	 0.000496 	 -0.462136 
4.698493 	 0.000359 	 -0.459884 
4.723618 	 -0.000475 	 -0.456695 
4.748744 	 0.000376 	 -0.453909 
4.773870 	 -0.001402 	 -0.451839 
4.798995 	 0.000269 	 -0.448802 
4.824121 	 0.000876 	 -0.446620 
4.849247 	 -0.000252 	 -0.443869 
4.874372 	 0.000044 	 -0.440425 
4.899498 	 -0.000391 	 -0.438648 
4.924623 	 0.000461 	 -0.435838 
4.949749 	 0.000376 	 -0.433586 
4.974874 	 -0.000614 	 -0.430853 
5.000000 	 0.000027 	 -0.428165 
