0.999991 
0.936252 
0.876884 
0.821528 
0.769846 
0.721462 
0.676031 
0.633499 
0.593739 
0.556414 
0.521288 
0.488287 
0.457219 
0.428259 
0.401288 
0.376104 
0.352140 
0.329632 
0.308677 
0.288959 
0.270151 
0.252351 
0.235143 
0.218775 
0.203620 
0.189594 
0.176223 
0.163648 
0.151918 
0.140493 
0.129841 
0.119736 
0.110201 
0.100828 
0.091732 
0.082932 
0.074531 
0.066798 
0.059664 
0.052885 
0.046422 
0.040370 
0.034607 
0.029190 
0.024332 
0.020009 
0.015949 
0.011989 
0.008417 
0.004950 
0.001624 
-0.001870 
-0.005275 
-0.008480 
-0.011747 
-0.014694 
-0.017584 
-0.020353 
-0.023241 
-0.026086 
-0.028790 
-0.031129 
-0.033621 
-0.035919 
-0.037851 
-0.039604 
-0.040917 
-0.041787 
-0.042926 
-0.044194 
-0.045433 
-0.046566 
-0.047753 
-0.049119 
-0.050275 
-0.051546 
-0.052698 
-0.053928 
-0.055086 
-0.056003 
-0.057057 
-0.057870 
-0.058663 
-0.059260 
-0.060242 
-0.061392 
-0.062652 
-0.063446 
-0.064018 
-0.064859 
-0.065557 
-0.066256 
-0.066960 
-0.067731 
-0.068325 
-0.068944 
-0.069718 
-0.070127 
-0.070593 
-0.071243 
-0.072243 
-0.073059 
-0.073970 
-0.074846 
-0.075614 
-0.076319 
-0.076789 
-0.077222 
-0.077403 
-0.077305 
-0.076930 
-0.076451 
-0.076081 
-0.075690 
-0.075462 
-0.075430 
-0.075282 
-0.075053 
-0.074679 
-0.074389 
-0.074134 
-0.073995 
-0.073785 
-0.073522 
-0.073137 
-0.072840 
-0.072669 
-0.072556 
-0.072320 
-0.072038 
-0.071715 
-0.071426 
-0.071443 
-0.071790 
-0.072169 
-0.072217 
-0.072178 
-0.072048 
-0.072193 
-0.072303 
-0.072388 
-0.072161 
-0.071841 
-0.071688 
-0.071476 
-0.071103 
-0.070555 
-0.069865 
-0.069246 
-0.068639 
-0.067902 
-0.067269 
-0.066574 
-0.066241 
-0.065663 
-0.065211 
-0.064646 
-0.064051 
-0.063147 
-0.062178 
-0.061470 
-0.060768 
-0.060060 
-0.059701 
-0.059421 
-0.059160 
-0.059111 
-0.059012 
-0.058978 
-0.058682 
-0.058621 
-0.058417 
-0.058555 
-0.058653 
-0.058690 
-0.058790 
-0.058820 
-0.058740 
-0.059020 
-0.059285 
-0.059520 
-0.059554 
-0.059489 
-0.059578 
-0.059751 
-0.059950 
-0.060248 
-0.060741 
-0.060875 
-0.060909 
-0.061057 
-0.061074 
-0.061251 
-0.061490 
-0.061831 
-0.062126 
-0.062285 
-0.062216 
-0.062125 
-0.061996 
-0.061568 
-0.061144 
-0.060952 
-0.060853 
-0.060473 
-0.060073 
-0.059604 
-0.059176 
-0.058626 
-0.058038 
-0.057434 
-0.056602 
-0.055903 
-0.055111 
-0.054106 
-0.053164 
-0.052331 
-0.051276 
-0.050241 
-0.049160 
-0.048065 
-0.046913 
-0.045763 
-0.044789 
-0.043884 
-0.043323 
-0.042993 
-0.042809 
-0.042860 
-0.043024 
-0.043317 
-0.043621 
-0.043737 
-0.043840 
-0.043887 
-0.043807 
-0.043755 
-0.043600 
-0.043256 
-0.042859 
-0.042524 
-0.042247 
-0.042065 
-0.041908 
-0.041813 
-0.041906 
-0.042147 
-0.042269 
-0.042206 
-0.042213 
-0.041928 
-0.041327 
-0.040868 
-0.040480 
-0.040101 
-0.039751 
-0.039276 
-0.038644 
-0.038142 
-0.037702 
-0.037419 
-0.036929 
-0.036383 
-0.035743 
-0.035508 
-0.035344 
-0.035092 
-0.034925 
-0.034828 
-0.034721 
-0.034535 
-0.034336 
-0.034216 
-0.034259 
-0.034426 
-0.034505 
-0.034483 
-0.034351 
-0.034357 
-0.034168 
-0.034046 
-0.033973 
-0.033671 
-0.033429 
-0.033257 
-0.033009 
-0.032825 
-0.032412 
-0.032149 
-0.031732 
-0.031125 
-0.030554 
-0.030029 
-0.029568 
-0.029016 
-0.028516 
-0.028005 
-0.027395 
-0.026882 
-0.026322 
-0.025760 
-0.025131 
-0.024871 
-0.024712 
-0.024522 
-0.024485 
-0.024440 
-0.024119 
-0.023816 
-0.023611 
-0.023447 
-0.023284 
-0.023076 
-0.022912 
-0.022687 
-0.022252 
-0.021703 
-0.021017 
-0.020374 
-0.019634 
-0.018953 
-0.018291 
-0.017650 
-0.017152 
-0.016533 
-0.015965 
-0.015497 
-0.014888 
-0.014337 
-0.013788 
-0.013317 
-0.012677 
-0.012137 
-0.011808 
-0.011460 
-0.011205 
-0.010964 
-0.010733 
-0.010566 
-0.010348 
-0.010149 
-0.009968 
-0.009764 
-0.009435 
-0.009109 
-0.008765 
-0.008488 
-0.008266 
-0.008196 
-0.008025 
-0.007777 
-0.007520 
-0.007133 
-0.006780 
-0.006443 
-0.006036 
-0.005717 
-0.005480 
-0.005192 
-0.004992 
