0.999991 
0.976550 
0.953644 
0.931315 
0.909555 
0.888380 
0.867717 
0.847539 
0.827837 
0.808576 
0.789781 
0.771419 
0.753521 
0.736054 
0.719061 
0.702560 
0.686515 
0.670785 
0.655408 
0.640447 
0.625781 
0.611518 
0.597583 
0.583921 
0.570538 
0.557514 
0.544811 
0.532380 
0.520174 
0.508197 
0.496493 
0.485145 
0.474053 
0.463217 
0.452553 
0.442132 
0.431895 
0.421895 
0.412142 
0.402572 
0.393273 
0.384159 
0.375242 
0.366611 
0.358169 
0.349874 
0.341746 
0.333771 
0.326025 
0.318444 
0.311023 
0.303755 
0.296678 
0.289748 
0.282960 
0.276296 
0.269744 
0.263280 
0.256889 
0.250632 
0.244497 
0.238531 
0.232639 
0.226806 
0.220989 
0.215285 
0.209641 
0.204069 
0.198730 
0.193591 
0.188567 
0.183730 
0.178977 
0.174287 
0.169675 
0.165163 
0.160727 
0.156430 
0.152208 
0.148073 
0.144026 
0.140087 
0.136193 
0.132332 
0.128516 
0.124778 
0.121099 
0.117448 
0.113753 
0.110123 
0.106546 
0.102941 
0.099524 
0.096172 
0.092863 
0.089725 
0.086641 
0.083599 
0.080614 
0.077659 
0.074757 
0.071781 
0.068916 
0.066120 
0.063411 
0.060774 
0.058169 
0.055657 
0.053201 
0.050817 
0.048515 
0.046282 
0.044081 
0.041908 
0.039768 
0.037643 
0.035548 
0.033418 
0.031302 
0.029229 
0.027283 
0.025357 
0.023492 
0.021713 
0.019948 
0.018212 
0.016491 
0.014807 
0.013159 
0.011584 
0.010084 
0.008583 
0.007103 
0.005639 
0.004175 
0.002764 
0.001338 
-0.000102 
-0.001473 
-0.002834 
-0.004153 
-0.005452 
-0.006755 
-0.008046 
-0.009317 
-0.010542 
-0.011816 
-0.013079 
-0.014307 
-0.015504 
-0.016664 
-0.017780 
-0.018877 
-0.019974 
-0.021023 
-0.022040 
-0.023082 
-0.024128 
-0.025152 
-0.026191 
-0.027249 
-0.028229 
-0.029219 
-0.030122 
-0.031074 
-0.032022 
-0.032953 
-0.033823 
-0.034637 
-0.035440 
-0.036223 
-0.036977 
-0.037712 
-0.038409 
-0.039046 
-0.039695 
-0.040337 
-0.040978 
-0.041602 
-0.042249 
-0.042862 
-0.043470 
-0.044005 
-0.044534 
-0.045082 
-0.045601 
-0.046103 
-0.046595 
-0.047059 
-0.047494 
-0.047945 
-0.048406 
-0.048799 
-0.049228 
-0.049668 
-0.050181 
-0.050684 
-0.051186 
-0.051703 
-0.052269 
-0.052782 
-0.053269 
-0.053788 
-0.054267 
-0.054703 
-0.055100 
-0.055481 
-0.055848 
-0.056184 
-0.056554 
-0.056874 
-0.057206 
-0.057481 
-0.057827 
-0.058155 
-0.058505 
-0.058819 
-0.059183 
-0.059587 
-0.060008 
-0.060363 
-0.060737 
-0.061153 
-0.061580 
-0.061932 
-0.062295 
-0.062612 
-0.062923 
-0.063145 
-0.063376 
-0.063561 
-0.063751 
-0.063973 
-0.064140 
-0.064286 
-0.064417 
-0.064563 
-0.064701 
-0.064835 
-0.064947 
-0.065078 
-0.065132 
-0.065166 
-0.065160 
-0.065133 
-0.065101 
-0.065060 
-0.065015 
-0.065015 
-0.065089 
-0.065189 
-0.065313 
-0.065417 
-0.065524 
-0.065631 
-0.065755 
-0.065914 
-0.066026 
-0.066077 
-0.066119 
-0.066177 
-0.066201 
-0.066265 
-0.066350 
-0.066466 
-0.066539 
-0.066661 
-0.066780 
-0.066844 
-0.066968 
-0.067121 
-0.067282 
-0.067385 
-0.067482 
-0.067636 
-0.067729 
-0.067777 
-0.067788 
-0.067718 
-0.067700 
-0.067714 
-0.067723 
-0.067690 
-0.067655 
-0.067538 
-0.067449 
-0.067400 
-0.067355 
-0.067291 
-0.067242 
-0.067233 
-0.067263 
-0.067278 
-0.067301 
-0.067286 
-0.067232 
-0.067174 
-0.067166 
-0.067174 
-0.067156 
-0.067164 
-0.067171 
-0.067197 
-0.067248 
-0.067292 
-0.067387 
-0.067409 
-0.067429 
-0.067492 
-0.067567 
-0.067612 
-0.067657 
-0.067719 
-0.067733 
-0.067790 
-0.067861 
-0.067886 
-0.067889 
-0.067927 
-0.067958 
-0.068022 
-0.068135 
-0.068182 
-0.068194 
-0.068170 
-0.068125 
-0.068102 
-0.068118 
-0.068194 
-0.068260 
-0.068335 
-0.068353 
-0.068386 
-0.068416 
-0.068429 
-0.068419 
-0.068440 
-0.068486 
-0.068473 
-0.068436 
-0.068347 
-0.068292 
-0.068285 
-0.068213 
-0.068090 
-0.067990 
-0.067957 
-0.067936 
-0.067932 
-0.067916 
-0.067899 
-0.067921 
-0.068025 
-0.068145 
-0.068177 
-0.068147 
-0.068098 
-0.068024 
-0.067981 
-0.067894 
-0.067853 
-0.067840 
-0.067822 
-0.067847 
-0.067860 
-0.067820 
-0.067744 
-0.067689 
-0.067660 
-0.067594 
-0.067508 
-0.067376 
-0.067223 
-0.067043 
-0.066899 
-0.066733 
-0.066570 
-0.066393 
-0.066210 
-0.066036 
-0.065895 
-0.065766 
-0.065545 
-0.065292 
-0.065068 
-0.064901 
-0.064704 
-0.064529 
-0.064392 
-0.064281 
-0.064174 
-0.064114 
-0.064123 
-0.064103 
-0.064071 
-0.064044 
-0.063962 
-0.063838 
-0.063738 
-0.063661 
-0.063612 
-0.063561 
-0.063466 
-0.063383 
-0.063318 
-0.063288 
-0.063364 
-0.063429 
-0.063475 
-0.063476 
-0.063367 
-0.063246 
-0.063184 
-0.063127 
-0.063128 
-0.063094 
-0.063034 
-0.063000 
-0.062922 
-0.062838 
-0.062734 
-0.062621 
-0.062571 
-0.062540 
-0.062554 
-0.062535 
-0.062526 
-0.062487 
-0.062446 
-0.062392 
-0.062292 
-0.062198 
-0.062154 
-0.062096 
-0.062041 
-0.062078 
-0.062108 
-0.062155 
-0.062215 
-0.062322 
-0.062444 
-0.062534 
-0.062585 
-0.062765 
-0.062901 
-0.063058 
-0.063209 
-0.063365 
-0.063606 
-0.063816 
-0.064062 
-0.064313 
-0.064541 
-0.064737 
-0.064929 
-0.065126 
-0.065330 
-0.065522 
-0.065679 
-0.065831 
-0.065989 
-0.066163 
-0.066282 
-0.066354 
-0.066443 
-0.066478 
-0.066532 
-0.066579 
-0.066671 
-0.066696 
-0.066725 
-0.066701 
-0.066710 
-0.066731 
-0.066691 
-0.066640 
-0.066588 
-0.066545 
-0.066471 
-0.066433 
-0.066402 
-0.066382 
-0.066345 
-0.066328 
-0.066344 
-0.066348 
-0.066348 
-0.066300 
-0.066264 
-0.066236 
-0.066189 
-0.066171 
-0.066206 
-0.066249 
-0.066303 
-0.066322 
-0.066364 
-0.066440 
-0.066441 
-0.066443 
-0.066411 
-0.066353 
-0.066348 
-0.066330 
-0.066311 
-0.066284 
-0.066288 
-0.066322 
-0.066327 
-0.066278 
-0.066282 
-0.066290 
-0.066304 
-0.066372 
-0.066465 
-0.066587 
-0.066690 
-0.066729 
-0.066722 
-0.066723 
-0.066709 
-0.066668 
-0.066633 
-0.066595 
-0.066551 
-0.066494 
-0.066453 
-0.066408 
-0.066322 
-0.066197 
-0.066092 
-0.065950 
-0.065860 
-0.065773 
-0.065655 
-0.065477 
-0.065289 
-0.065081 
-0.064828 
-0.064583 
-0.064324 
-0.064042 
-0.063732 
-0.063427 
-0.063179 
-0.062937 
-0.062694 
-0.062444 
-0.062191 
-0.061895 
-0.061646 
-0.061384 
-0.061112 
-0.060848 
-0.060556 
-0.060249 
-0.059928 
-0.059614 
-0.059316 
-0.059039 
-0.058739 
-0.058392 
-0.058122 
-0.057872 
-0.057586 
-0.057267 
-0.056971 
-0.056689 
-0.056411 
-0.056141 
-0.055866 
-0.055605 
-0.055381 
-0.055194 
-0.054988 
-0.054818 
-0.054654 
-0.054506 
-0.054338 
-0.054186 
-0.054071 
-0.053983 
-0.053898 
-0.053765 
-0.053632 
-0.053504 
-0.053384 
-0.053286 
-0.053203 
-0.053105 
-0.053043 
-0.052949 
-0.052833 
-0.052701 
-0.052568 
-0.052395 
-0.052233 
-0.052022 
-0.051817 
-0.051613 
-0.051423 
-0.051242 
-0.051001 
-0.050737 
-0.050463 
-0.050179 
-0.049901 
-0.049636 
-0.049376 
-0.049154 
-0.048947 
-0.048745 
-0.048525 
-0.048320 
-0.048135 
-0.047997 
-0.047858 
-0.047758 
-0.047653 
-0.047581 
-0.047542 
-0.047457 
-0.047400 
-0.047337 
-0.047237 
-0.047168 
-0.047118 
-0.047037 
-0.046942 
-0.046829 
-0.046720 
-0.046627 
-0.046519 
-0.046379 
-0.046281 
-0.046187 
-0.046068 
-0.046006 
-0.045901 
-0.045832 
-0.045768 
-0.045673 
-0.045560 
-0.045419 
-0.045273 
-0.045107 
-0.044931 
-0.044740 
-0.044572 
-0.044362 
-0.044181 
-0.044032 
-0.043855 
-0.043665 
-0.043488 
-0.043311 
-0.043154 
-0.043002 
-0.042851 
-0.042680 
-0.042524 
-0.042389 
-0.042298 
-0.042260 
-0.042232 
-0.042172 
-0.042128 
-0.042089 
-0.042087 
-0.042077 
-0.042073 
-0.042091 
-0.042096 
-0.042074 
-0.042040 
-0.042006 
-0.041956 
-0.041940 
-0.041887 
-0.041811 
-0.041718 
-0.041668 
-0.041589 
-0.041478 
-0.041314 
-0.041173 
-0.040978 
-0.040786 
-0.040607 
-0.040349 
-0.040070 
-0.039807 
-0.039573 
-0.039307 
-0.039069 
-0.038861 
-0.038631 
-0.038401 
-0.038156 
-0.037920 
-0.037676 
-0.037442 
-0.037229 
-0.036999 
-0.036771 
-0.036521 
-0.036306 
-0.036117 
-0.035915 
-0.035692 
-0.035401 
-0.035103 
-0.034817 
-0.034552 
-0.034285 
-0.033953 
-0.033615 
-0.033336 
-0.033108 
-0.032834 
-0.032560 
-0.032271 
-0.032025 
-0.031833 
-0.031648 
-0.031474 
-0.031300 
-0.031097 
-0.030868 
-0.030624 
-0.030379 
-0.030177 
-0.030020 
-0.029856 
-0.029708 
-0.029566 
-0.029481 
-0.029410 
-0.029333 
-0.029247 
-0.029166 
-0.029102 
-0.029063 
-0.029041 
-0.029045 
-0.029018 
-0.028991 
-0.028957 
-0.028943 
-0.028897 
-0.028825 
-0.028771 
-0.028752 
-0.028780 
-0.028799 
-0.028813 
-0.028830 
-0.028833 
-0.028843 
-0.028831 
-0.028783 
-0.028724 
-0.028650 
-0.028577 
-0.028512 
-0.028491 
-0.028490 
-0.028485 
-0.028466 
-0.028466 
-0.028464 
-0.028475 
-0.028526 
-0.028609 
-0.028697 
-0.028783 
-0.028821 
-0.028848 
-0.028874 
-0.028884 
-0.028876 
-0.028858 
-0.028827 
-0.028792 
-0.028725 
-0.028621 
-0.028528 
-0.028429 
-0.028332 
-0.028261 
-0.028170 
-0.028106 
-0.028054 
-0.027997 
-0.027922 
-0.027837 
-0.027793 
-0.027758 
-0.027695 
-0.027614 
-0.027510 
-0.027358 
-0.027230 
-0.027089 
-0.026967 
-0.026861 
-0.026796 
-0.026693 
-0.026617 
-0.026460 
-0.026315 
-0.026195 
-0.026044 
-0.025880 
-0.025716 
-0.025519 
-0.025332 
-0.025180 
-0.025029 
-0.024886 
-0.024769 
-0.024627 
-0.024487 
-0.024344 
-0.024179 
-0.024029 
-0.023916 
-0.023816 
-0.023729 
-0.023681 
-0.023624 
-0.023544 
-0.023472 
-0.023410 
-0.023339 
-0.023279 
-0.023182 
-0.023087 
-0.023008 
-0.022910 
-0.022832 
-0.022751 
-0.022663 
-0.022595 
-0.022542 
-0.022495 
-0.022432 
-0.022381 
-0.022319 
-0.022230 
-0.022171 
-0.022116 
-0.022096 
-0.022088 
-0.022119 
-0.022162 
-0.022232 
-0.022295 
-0.022372 
-0.022474 
-0.022576 
-0.022652 
-0.022762 
-0.022887 
-0.022998 
-0.023136 
-0.023261 
-0.023373 
-0.023447 
-0.023519 
-0.023586 
-0.023649 
-0.023694 
-0.023733 
-0.023740 
-0.023757 
-0.023782 
-0.023790 
-0.023779 
-0.023745 
-0.023689 
-0.023602 
-0.023524 
-0.023445 
-0.023347 
-0.023260 
-0.023154 
-0.023032 
-0.022917 
-0.022796 
-0.022704 
-0.022598 
-0.022467 
-0.022327 
-0.022151 
-0.022024 
-0.021853 
-0.021691 
-0.021570 
-0.021432 
-0.021293 
-0.021147 
-0.021000 
-0.020904 
-0.020805 
-0.020703 
-0.020616 
-0.020547 
-0.020453 
-0.020359 
-0.020261 
-0.020146 
-0.020056 
-0.019973 
-0.019906 
-0.019857 
-0.019809 
-0.019726 
-0.019649 
-0.019565 
-0.019494 
-0.019409 
-0.019339 
-0.019268 
-0.019178 
-0.019074 
-0.018968 
-0.018870 
-0.018756 
-0.018663 
-0.018552 
-0.018444 
-0.018368 
-0.018317 
-0.018251 
-0.018184 
-0.018088 
-0.018021 
-0.017952 
-0.017875 
-0.017778 
-0.017697 
-0.017599 
-0.017485 
-0.017371 
-0.017278 
-0.017189 
-0.017089 
-0.016977 
-0.016851 
-0.016723 
-0.016597 
-0.016474 
-0.016333 
-0.016229 
-0.016154 
-0.016104 
-0.016068 
-0.015996 
-0.015919 
-0.015825 
-0.015714 
-0.015590 
-0.015484 
-0.015373 
-0.015260 
-0.015133 
-0.014971 
-0.014822 
-0.014645 
-0.014477 
-0.014339 
-0.014225 
-0.014073 
-0.013912 
-0.013752 
-0.013609 
-0.013468 
-0.013312 
-0.013165 
-0.013024 
-0.012840 
-0.012630 
-0.012419 
-0.012224 
-0.012020 
-0.011794 
-0.011561 
-0.011346 
-0.011166 
-0.010964 
-0.010792 
-0.010630 
-0.010466 
-0.010308 
-0.010168 
-0.010002 
-0.009835 
-0.009655 
-0.009464 
